initial_pose_x: 0.044177
initial_pose_y: -0.488708
initial_pose_a: 0.639144

